1000  414709  18272  2424
2000  1596711  74379  4992
3000  3650466  163389  11112
4000  6506514  298114  19913
5000  10094988  460789  17793
6000  14911847  668841  25174
7000  19922780  885144  34361
8000  26135852  1157175  44904
9000  33212014  1489080  28203
10000  41196293  1839286  34630
11000  49552309  2200232  42110
12000  58596830  2640447  50219
13000  69048761  3079629  58402
14000  79786085  3556265  69039
15000  92261873  4094552  77711
16000  105214520  4684531  88915
17000  118832235  5301287  50452
18000  133139326  5931982  56798
19000  147124952  6617484  62994
20000  163431802  7379800  69992