put - HashTable

2000 	984.898
3000 	655.0916667
4000 	760.73825
5000 	538.277
6000 	451.8471667
7000 	442.6212857
8000 	708.062875
9000 	606.3175556
10000 	514.2808
11000 	988.0094545
12000 	329.6824167
13000 	308.6148462
14000 	272.201
15000 	288.6508
16000 	443.979125
17000 	490.0675882
18000 	478.4036111
19000 	494.2031579
20000 	566.5126

put - HashMap

2000 	126.0005
3000 	103.49
4000 	119.6695
5000 	114.5616
6000 	100.8615
7000 	168.9424286
8000 	133.611
9000 	122.318
10000 	99.1882
11000 	179.0320909
12000 	95.05366667
13000 	123.7343077
14000 	394.1652143
15000 	69.25593333
16000 	70.8998125
17000 	75.62735294
18000 	82.71988889
19000 	67.22905263
20000 	87.8556

get - HashTable

2000  169.3275
3000  101.81233333333333
4000  310.96875
5000  92.8006
6000  105.37616666666666
7000  102.97142857142858
8000  91.40575
9000  91.25144444444445
10000  95.7716
11000  117.67527272727273
12000  117.17075
13000  103.77784615384616
14000  114.40428571428572
15000  131.59513333333334
16000  96.5769375
17000  177.9955294117647
18000  122.8945
19000  107.46710526315789
20000  134.0353

get - HashMap

2000  37.4425
3000  32.413
4000  28.4185
5000  39.1732
6000  38.010333333333335
7000  38.564
8000  31.538625
9000  32.32288888888889
10000  21.6402
11000  32.92009090909091
12000  28.35825
13000  31.939
14000  22.678714285714285
15000  22.8634
16000  27.101
17000  22.655529411764707
18000  33.87261111111111
19000  27.72378947368421
20000  29.9275

remove - HashTable

2000  118.1915
3000  136.06366666666668
4000  92.1055
5000  65.6304
6000  57.19616666666667
7000  63.998714285714286
8000  64.784375
9000  66.90388888888889
10000  76.3917
11000  85.43436363636364
12000  161.71466666666666
13000  62.567692307692305
14000  87.07121428571429
15000  61.09446666666667
16000  111.299625
17000  128.6215294117647
18000  73.37022222222222
19000  85.53568421052631
20000  92.50195

remove - HashMap

2000  50.1435
3000  34.54
4000  38.79375
5000  33.2568
6000  23.20916666666667
7000  33.51914285714286
8000  32.14775
9000  29.867
10000  25.6199
11000  30.903545454545455
12000  27.967
13000  31.612461538461538
14000  30.295357142857142
15000  22.5568
16000  25.233
17000  28.359470588235293
18000  23.700833333333332
19000  30.98636842105263
20000  36.3884