StudentBadHash

2000  30.3015
3000  59.76733333333333
4000  25.7055
5000  25.4002
6000  25.184166666666666
7000  32.97542857142857
8000  30.71325
9000  26.423222222222222
10000  27.6743
11000  28.86318181818182
12000  27.451583333333332
13000  26.858076923076922
14000  37.5165
15000  26.351133333333333
16000  27.3973125
17000  25.370117647058823
18000  27.42677777777778
19000  26.79884210526316
20000  27.1608

StudentMediumHash

2000  435.7955
3000  410.6816666666667
4000  402.21075
5000  470.4672
6000  441.3066666666667
7000  476.2508571428571
8000  1019.888
9000  175.40177777777777
10000  114.087
11000  154.44518181818182
12000  394.82025
13000  410.743
14000  538.7072142857143
15000  532.9714666666666
16000  534.2445625
17000  279.7654705882353
18000  219.85533333333333
19000  359.07131578947366
20000  197.1978

StudentGoodHash

2000  7790.5915
3000  3766.219666666667
4000  2404.81025
5000  2697.845
6000  964.905
7000  947.8625714285714
8000  1544.113625
9000  1404.5041111111111
10000  1720.6775
11000  621.1815454545455
12000  710.076
13000  714.0896923076923
14000  869.2912142857143
15000  616.7328
16000  628.52325
17000  808.8864705882353
18000  698.3887777777778
19000  876.3167894736843
20000  608.3339