lambda = 25.0

2000  906.8225
3000  1443.5853333333334
4000  618.26275
5000  754.0562
6000  650.0461666666666
7000  599.7847142857142
8000  543.107125
9000  535.288
10000  729.0617
11000  975.6973636363637
12000  519.5075833333333
13000  537.537
14000  523.4353571428571
15000  426.3901333333333
16000  417.2948125
17000  486.0140588235294
18000  590.4338333333334
19000  505.3914210526316
20000  984.7977

lambda = 50.0

2000  714.9475
3000  390.22933333333333
4000  408.2775
5000  1448.8802
6000  735.0163333333334
7000  715.6701428571429
8000  722.68675
9000  674.7896666666667
10000  998.1085
11000  943.6692727272728
12000  1712.9703333333334
13000  706.9266153846154
14000  757.5322142857143
15000  851.2408666666666
16000  715.9411875
17000  707.0371176470588
18000  715.8408888888889
19000  880.0351052631579
20000  1061.14825

lambda = 100.0

2000  858.204
3000  320.19866666666667
4000  362.88325
5000  440.4408
6000  540.911
7000  647.506
8000  810.17625
9000  804.5407777777777
10000  2014.7647
11000  1532.502
12000  1421.8580833333333
13000  1096.3533076923077
14000  1157.3015714285714
15000  1173.2836666666667
16000  1112.52875
17000  1144.9322352941176
18000  1160.7314444444444
19000  1179.6314210526316
20000  1650.27295

lambda = 1000.0

1000  3570.951
2000  1188.3665
3000  459.37333333333333
4000  431.68775
5000  434.3546
6000  716.0115
7000  689.1127142857143
8000  729.451625
9000  821.5572222222222
10000  947.6057
11000  1036.9811818181818
12000  1187.17775
13000  1200.4440769230769
14000  1582.4372142857144
15000  1376.7570666666666
16000  1597.450125
17000  1548.7904705882354
18000  1633.806111111111
19000  2155.3657894736843
20000  2285.8625
21000  2364.3711904761903
22000  2197.6007727272727
23000  2291.904652173913
24000  2439.6458333333335
25000  2833.47316
26000  2717.5665384615386
27000  2987.266
28000  3061.4653214285713
29000  3546.257724137931
30000  3660.0958666666666
31000  4312.986129032258
32000  4278.68959375
33000  4885.9480303030305
34000  4808.8245
35000  5165.472914285714
36000  5568.524833333333
37000  4562.315486486486
38000  6101.406078947369
39000  6931.734358974359
40000  6804.959825